9776
9946
4279
8059
3339
2737
1928
6584
760
9144
1340
6136
5286
4769
6816
113
4313
9736
7810
6396
7395
4535
7115
514
965
8504
8221
1476
7888
9423
9881
4013
1346
6477
4755
2470
1914
8857
508
7137
4564
7539
6446
2253
7508
3297
7827
6197
2475
8134
5218
4517
3808
1294
9799
9682
7817
9381
3162
5692
7018
6926
4606
1281
1577
2534
3062
4006
7330
7206
1801
2677
3608
5673
4971
2831
1486
8287
154
3345
8000
6063
7986
575
7665
8269
7260
7516
3047
1701
2673
1091
3623
5684
2010
6314
6180
9892
1308
9291
8281
4802
4403
1605
9971
1825
7213
4975
1155
6158
4370
2742
7865
5958
254
7379
5440
5210
5224
7644
6256
2142
821
422
8464
1316
3519
9760
7609
9387
3628
1611
9354
7976
1463
7913
5618
5849
5645
1299
8614
5927
8115
3447
8743
4401
4198
8631
5008
4930
5864
6803
6935
9248
6973
9706
3780
8465
2752
1881
6066
8920
4084
9374
4740
3836
3892
26
5955
353
3877
3194
9009
2117
3950
8760
135
4303
3522
8445
3749
3326
9804
6480
220
7230
5693
4081
7975
7737
2717
5892
2883
693
7190
6872
8600
2707
2790
7191
501
9137
2527
9546
7067
9340
5746
7657
4050
9499
6518
6576
9474
1505
2295
6367
1324
2255
1776
1676
1549
9418
3724
4989
2387
9080
9904
9368
773
2285
5743
4695
2793
1138
236
83
5929
8597
9565
3737
8945
228
9813
8785
1081
5421
3205
449
2567
8191
7597
2248
8822
3630
7367
3634
4867
5745
9841
3335
5713
7788
7402
1484
9238
4017
6693
1406
2957
2043
5879
3863
1503
8654
9548
2978
5228
1811
3508
6893
1903
2065
6820
7601
6094
7384
6724
3492
3301
1824
8402
8900
5387
6890
3539
9737
613
3968
2186
4328
8718
3666
6575
2187
4624
5342
2943
6549
7135
3589
2564
2164
6310
6417
6444
2562
7506
8757
604
2409
6219
7045
3883
7034
8527
3371
8570
689
8141
6612
1105
3056
715
3655
7256
2852
309
4689
7846
3413
6093
9337
8773
3572
9962
9308
7662
1090
4249
3520
8475
230
6
5055
6415
7307
3812
1304
9431
7161
7623
4046
2223
694
4170
2106
8687
7758
5160
2675
16
3684
2917
9815
1948
9273
1753
7962
2141
6526
6742
4816
3779
7091
5788
9050
7459
2422
7631
3222
5372
1071
489
2770
1332
6607
9366
189
2839
1793
315
2999
43
3248
7864
7930
2615
8447
8915
1457
6996
260
8073
8781
2127
5528
7964
4734
7750
4934
4301
9328
6755
8932
1904
2013
647
8101
5190
5919
3368
4773
3362
8769
5521
8622
4285
5818
736
1437
1581
1418
7434
2556
164
6359
1672
285
3052
1158
7063
5365
620
6147
3122
258
5998
7377
3760
5863
4369
5732
9005
982
3201
6087
7742
1833
1516
1438
6131
1765
3121
5477
5983
9083
6686
5662
8294
3956
6989
2449
594
3817
2873
8159
6372
7753
5934
1584
9970
1214
51
3043
5964
5388
6914
3620
7942
8874
